$ANSIBLE_VAULT;1.1;AES256
65363632336536633034626363313065353466316464306165376565376362616261396432653165
3861366464336532653330623233353134663165656662630a323636343731383362366134376563
34643461396337333963663330643038633939613734666532363939303761643562396236653033
3564656333366237350a353265663638656231383630633938396439623838316139643164616535
37623863653034363766643530313465363938353735346564373238396361613066313036313033
38336337616137366138626566303835396161303764303138363865666261363734613432383830
62633037663666613364663433323965346362303939626364623337373436383535636336626239
61396661383934616237626461316562323537373863636139346334646434353734323438653661
61323862316165313734653064336361336565366563353035386636333265313533353537633330
64303761623033303037636538386234313661376637303839383435346665623438373336323966
39393039613431346263626433336637633539363833616532316230653639663736393665363835
61393538336361303662383532643135623334393366646665383330353065336661323662613336
30346230363861363264376131383637616638393662356462376662333463323734363531663033
66363961363038613537353930393666336661316465666330326136626466643434313431396135
35313635333432343562346134366363643538646138376436653737316137386432343832643766
34376166303935646463366638643634303233373639306133616561656637386234653837633631
39303364303363353234363535636361333663303533363333303239643662353835386537326165
36303735383461653432353365303934333636313930343434356237383630333063646634376236
66656333356133663537623839366537666635613432383531346132386237353633383166633663
31386666326532303136643437393662333336313662303665396436646438643661336564333433
66643237326364666331633262663338353935613336323333393665666562393361323264373330
62313731376562326566366364306438323238633866363831303237666632343433643161346539
64396234316231326336366462333765353332356130666563303034303066613837663434616661
65383435646136373732616636393565376137343234363633393332323565313538626633393761
3836
